0 1 1 1 
0.001 0.102611 0.102611 0.102611 
0.002 0.0293913 0.0293913 0.0293913 
0.003 0.0154226 0.0154226 0.0154226 
0.004 0.0103545 0.0103545 0.0103545 
0.005 0.00778905 0.00778905 0.00778905 
0.006 0.00624403 0.00624403 0.00624403 
0.007 0.00521244 0.00521244 0.00521244 
0.008 0.00447511 0.00447511 0.00447511 
0.009 0.00392201 0.00392201 0.00392201 
0.01 0.00349185 0.00349185 0.00349185 
0.011 0.0031478 0.0031478 0.0031478 
0.012 0.00286642 0.00286642 0.00286642 
0.013 0.00263204 0.00263204 0.00263204 
0.014 0.00243383 0.00243383 0.00243383 
0.015 0.00226403 0.00226403 0.00226403 
0.016 0.00211697 0.00211697 0.00211697 
0.017 0.00198837 0.00198837 0.00198837 
0.018 0.00187499 0.00187499 0.00187499 
0.019 0.00177427 0.00177427 0.00177427 
0.02 0.00168423 0.00168423 0.00168423 
0.021 0.00160325 0.00160325 0.00160325 
0.022 0.00153005 0.00153005 0.00153005 
0.023 0.00146355 0.00146355 0.00146355 
0.024 0.00140288 0.00140288 0.00140288 
0.025 0.00134732 0.00134732 0.00134732 
0.026 0.00129624 0.00129624 0.00129624 
0.027 0.00124914 0.00124914 0.00124914 
0.028 0.00120556 0.00120556 0.00120556 
0.029 0.00116512 0.00116512 0.00116512 
0.03 0.00112751 0.00112751 0.00112751 
0.031 0.00109243 0.00109243 0.00109243 
0.032 0.00105964 0.00105964 0.00105964 
0.033 0.00102893 0.00102893 0.00102893 
0.034 0.0010001 0.0010001 0.0010001 
0.035 0.000972986 0.000972986 0.000972986 
0.036 0.00094744 0.00094744 0.00094744 
0.037 0.000923329 0.000923329 0.000923329 
0.038 0.000900536 0.000900536 0.000900536 
0.039 0.000878956 0.000878956 0.000878956 
0.04 0.000858494 0.000858494 0.000858494 
0.041 0.000839065 0.000839065 0.000839065 
0.042 0.000820592 0.000820592 0.000820592 
0.043 0.000803005 0.000803005 0.000803005 
0.044 0.000786241 0.000786241 0.000786241 
0.045 0.000770243 0.000770243 0.000770243 
0.046 0.000754958 0.000754958 0.000754958 
0.047 0.00074034 0.00074034 0.00074034 
0.048 0.000726343 0.000726343 0.000726343 
0.049 0.000712929 0.000712929 0.000712929 
0.05 0.000700061 0.000700061 0.000700061 
0.051 0.000687703 0.000687703 0.000687703 
0.052 0.000675826 0.000675826 0.000675826 
0.053 0.000664401 0.000664401 0.000664401 
0.054 0.000653401 0.000653401 0.000653401 
0.055 0.000642802 0.000642802 0.000642802 
0.056 0.00063258 0.00063258 0.00063258 
0.057 0.000622715 0.000622715 0.000622715 
0.058 0.000613187 0.000613187 0.000613187 
0.059 0.000603978 0.000603978 0.000603978 
0.06 0.000595071 0.000595071 0.000595071 
0.061 0.00058645 0.00058645 0.00058645 
0.062 0.000578099 0.000578099 0.000578099 
0.063 0.000570007 0.000570007 0.000570007 
0.064 0.000562159 0.000562159 0.000562159 
0.065 0.000554543 0.000554543 0.000554543 
0.066 0.000547148 0.000547148 0.000547148 
0.067 0.000539964 0.000539964 0.000539964 
0.068 0.000532981 0.000532981 0.000532981 
0.069 0.000526189 0.000526189 0.000526189 
0.07 0.000519579 0.000519579 0.000519579 
0.071 0.000513143 0.000513143 0.000513143 
0.072 0.000506875 0.000506875 0.000506875 
0.073 0.000500765 0.000500765 0.000500765 
0.074 0.000494808 0.000494808 0.000494808 
0.075 0.000488996 0.000488996 0.000488996 
0.076 0.000483324 0.000483324 0.000483324 
0.077 0.000477787 0.000477787 0.000477787 
0.078 0.000472378 0.000472378 0.000472378 
0.079 0.000467092 0.000467092 0.000467092 
0.08 0.000461925 0.000461925 0.000461925 
0.081 0.000456871 0.000456871 0.000456871 
0.082 0.000451927 0.000451927 0.000451927 
0.083 0.000447089 0.000447089 0.000447089 
0.084 0.000442352 0.000442352 0.000442352 
0.085 0.000437713 0.000437713 0.000437713 
0.086 0.000433168 0.000433168 0.000433168 
0.087 0.000428714 0.000428714 0.000428714 
0.088 0.000424347 0.000424347 0.000424347 
0.089 0.000420066 0.000420066 0.000420066 
0.09 0.000415866 0.000415866 0.000415866 
0.091 0.000411745 0.000411745 0.000411745 
0.092 0.000407701 0.000407701 0.000407701 
0.093 0.000403731 0.000403731 0.000403731 
0.094 0.000399833 0.000399833 0.000399833 
0.095 0.000396004 0.000396004 0.000396004 
0.096 0.000392242 0.000392242 0.000392242 
0.097 0.000388546 0.000388546 0.000388546 
0.098 0.000384913 0.000384913 0.000384913 
0.099 0.000381342 0.000381342 0.000381342 
0.1 0.00037783 0.00037783 0.00037783 
0.101 0.000374377 0.000374377 0.000374377 
0.102 0.00037098 0.00037098 0.00037098 
0.103 0.000367638 0.000367638 0.000367638 
0.104 0.000364349 0.000364349 0.000364349 
0.105 0.000361112 0.000361112 0.000361112 
0.106 0.000357926 0.000357926 0.000357926 
0.107 0.000354789 0.000354789 0.000354789 
0.108 0.000351701 0.000351701 0.000351701 
0.109 0.000348659 0.000348659 0.000348659 
0.11 0.000345663 0.000345663 0.000345663 
0.111 0.000342711 0.000342711 0.000342711 
0.112 0.000339804 0.000339804 0.000339804 
0.113 0.000336939 0.000336939 0.000336939 
0.114 0.000334115 0.000334115 0.000334115 
0.115 0.000331332 0.000331332 0.000331332 
0.116 0.000328589 0.000328589 0.000328589 
0.117 0.000325885 0.000325885 0.000325885 
0.118 0.000323219 0.000323219 0.000323219 
0.119 0.00032059 0.00032059 0.00032059 
0.12 0.000317997 0.000317997 0.000317997 
0.121 0.000315441 0.000315441 0.000315441 
0.122 0.000312919 0.000312919 0.000312919 
0.123 0.000310432 0.000310432 0.000310432 
0.124 0.000307978 0.000307978 0.000307978 
0.125 0.000305557 0.000305557 0.000305557 
0.126 0.000303169 0.000303169 0.000303169 
0.127 0.000300812 0.000300812 0.000300812 
0.128 0.000298487 0.000298487 0.000298487 
0.129 0.000296192 0.000296192 0.000296192 
0.13 0.000293927 0.000293927 0.000293927 
0.131 0.000291692 0.000291692 0.000291692 
0.132 0.000289485 0.000289485 0.000289485 
0.133 0.000287307 0.000287307 0.000287307 
0.134 0.000285157 0.000285157 0.000285157 
0.135 0.000283034 0.000283034 0.000283034 
0.136 0.000280939 0.000280939 0.000280939 
0.137 0.00027887 0.00027887 0.00027887 
0.138 0.000276827 0.000276827 0.000276827 
0.139 0.00027481 0.00027481 0.00027481 
0.14 0.000272818 0.000272818 0.000272818 
0.141 0.000270851 0.000270851 0.000270851 
0.142 0.000268909 0.000268909 0.000268909 
0.143 0.00026699 0.00026699 0.00026699 
0.144 0.000265096 0.000265096 0.000265096 
0.145 0.000263224 0.000263224 0.000263224 
0.146 0.000261376 0.000261376 0.000261376 
0.147 0.000259551 0.000259551 0.000259551 
0.148 0.000257748 0.000257748 0.000257748 
0.149 0.000255967 0.000255967 0.000255967 
0.15 0.000254207 0.000254207 0.000254207 
0.151 0.000252469 0.000252469 0.000252469 
0.152 0.000250752 0.000250752 0.000250752 
0.153 0.000249056 0.000249056 0.000249056 
0.154 0.00024738 0.00024738 0.00024738 
0.155 0.000245725 0.000245725 0.000245725 
0.156 0.000244089 0.000244089 0.000244089 
0.157 0.000242473 0.000242473 0.000242473 
0.158 0.000240876 0.000240876 0.000240876 
0.159 0.000239299 0.000239299 0.000239299 
0.16 0.00023774 0.00023774 0.00023774 
0.161 0.0002362 0.0002362 0.0002362 
0.162 0.000234678 0.000234678 0.000234678 
0.163 0.000233174 0.000233174 0.000233174 
0.164 0.000231688 0.000231688 0.000231688 
0.165 0.00023022 0.00023022 0.00023022 
0.166 0.000228769 0.000228769 0.000228769 
0.167 0.000227335 0.000227335 0.000227335 
0.168 0.000225919 0.000225919 0.000225919 
0.169 0.000224518 0.000224518 0.000224518 
0.17 0.000223135 0.000223135 0.000223135 
0.171 0.000221767 0.000221767 0.000221767 
0.172 0.000220416 0.000220416 0.000220416 
0.173 0.00021908 0.00021908 0.00021908 
0.174 0.000217761 0.000217761 0.000217761 
0.175 0.000216456 0.000216456 0.000216456 
0.176 0.000215167 0.000215167 0.000215167 
0.177 0.000213893 0.000213893 0.000213893 
0.178 0.000212634 0.000212634 0.000212634 
0.179 0.00021139 0.00021139 0.00021139 
0.18 0.00021016 0.00021016 0.00021016 
0.181 0.000208944 0.000208944 0.000208944 
0.182 0.000207743 0.000207743 0.000207743 
0.183 0.000206556 0.000206556 0.000206556 
0.184 0.000205382 0.000205382 0.000205382 
0.185 0.000204222 0.000204222 0.000204222 
0.186 0.000203076 0.000203076 0.000203076 
0.187 0.000201943 0.000201943 0.000201943 
0.188 0.000200823 0.000200823 0.000200823 
0.189 0.000199716 0.000199716 0.000199716 
0.19 0.000198622 0.000198622 0.000198622 
0.191 0.00019754 0.00019754 0.00019754 
0.192 0.000196471 0.000196471 0.000196471 
0.193 0.000195415 0.000195415 0.000195415 
0.194 0.00019437 0.00019437 0.00019437 
0.195 0.000193338 0.000193338 0.000193338 
0.196 0.000192318 0.000192318 0.000192318 
0.197 0.000191309 0.000191309 0.000191309 
0.198 0.000190313 0.000190313 0.000190313 
0.199 0.000189327 0.000189327 0.000189327 
0.2 0.000188353 0.000188353 0.000188353 
0.201 0.000187391 0.000187391 0.000187391 
0.202 0.000186439 0.000186439 0.000186439 
0.203 0.000185499 0.000185499 0.000185499 
0.204 0.000184569 0.000184569 0.000184569 
0.205 0.00018365 0.00018365 0.00018365 
0.206 0.000182741 0.000182741 0.000182741 
0.207 0.000181843 0.000181843 0.000181843 
0.208 0.000180956 0.000180956 0.000180956 
0.209 0.000180078 0.000180078 0.000180078 
0.21 0.000179211 0.000179211 0.000179211 
0.211 0.000178354 0.000178354 0.000178354 
0.212 0.000177507 0.000177507 0.000177507 
0.213 0.000176669 0.000176669 0.000176669 
0.214 0.000175841 0.000175841 0.000175841 
0.215 0.000175022 0.000175022 0.000175022 
0.216 0.000174213 0.000174213 0.000174213 
0.217 0.000173413 0.000173413 0.000173413 
0.218 0.000172623 0.000172623 0.000172623 
0.219 0.000171841 0.000171841 0.000171841 
0.22 0.000171069 0.000171069 0.000171069 
0.221 0.000170305 0.000170305 0.000170305 
0.222 0.00016955 0.00016955 0.00016955 
0.223 0.000168804 0.000168804 0.000168804 
0.224 0.000168067 0.000168067 0.000168067 
0.225 0.000167338 0.000167338 0.000167338 
0.226 0.000166617 0.000166617 0.000166617 
0.227 0.000165904 0.000165904 0.000165904 
0.228 0.0001652 0.0001652 0.0001652 
0.229 0.000164504 0.000164504 0.000164504 
0.23 0.000163816 0.000163816 0.000163816 
0.231 0.000163136 0.000163136 0.000163136 
0.232 0.000162463 0.000162463 0.000162463 
0.233 0.000161798 0.000161798 0.000161798 
0.234 0.000161141 0.000161141 0.000161141 
0.235 0.000160492 0.000160492 0.000160492 
0.236 0.000159849 0.000159849 0.000159849 
0.237 0.000159215 0.000159215 0.000159215 
0.238 0.000158587 0.000158587 0.000158587 
0.239 0.000157967 0.000157967 0.000157967 
0.24 0.000157354 0.000157354 0.000157354 
0.241 0.000156748 0.000156748 0.000156748 
0.242 0.000156148 0.000156148 0.000156148 
0.243 0.000155556 0.000155556 0.000155556 
0.244 0.000154971 0.000154971 0.000154971 
0.245 0.000154392 0.000154392 0.000154392 
0.246 0.00015382 0.00015382 0.00015382 
0.247 0.000153254 0.000153254 0.000153254 
0.248 0.000152695 0.000152695 0.000152695 
0.249 0.000152142 0.000152142 0.000152142 
0.25 0.000151596 0.000151596 0.000151596 
0.251 0.000151056 0.000151056 0.000151056 
0.252 0.000150522 0.000150522 0.000150522 
0.253 0.000149994 0.000149994 0.000149994 
0.254 0.000149473 0.000149473 0.000149473 
0.255 0.000148957 0.000148957 0.000148957 
0.256 0.000148447 0.000148447 0.000148447 
0.257 0.000147943 0.000147943 0.000147943 
0.258 0.000147445 0.000147445 0.000147445 
0.259 0.000146953 0.000146953 0.000146953 
0.26 0.000146466 0.000146466 0.000146466 
0.261 0.000145984 0.000145984 0.000145984 
0.262 0.000145509 0.000145509 0.000145509 
0.263 0.000145038 0.000145038 0.000145038 
0.264 0.000144574 0.000144574 0.000144574 
0.265 0.000144114 0.000144114 0.000144114 
0.266 0.00014366 0.00014366 0.00014366 
0.267 0.000143211 0.000143211 0.000143211 
0.268 0.000142767 0.000142767 0.000142767 
0.269 0.000142328 0.000142328 0.000142328 
0.27 0.000141894 0.000141894 0.000141894 
0.271 0.000141465 0.000141465 0.000141465 
0.272 0.000141041 0.000141041 0.000141041 
0.273 0.000140622 0.000140622 0.000140622 
0.274 0.000140208 0.000140208 0.000140208 
0.275 0.000139798 0.000139798 0.000139798 
0.276 0.000139394 0.000139394 0.000139394 
0.277 0.000138993 0.000138993 0.000138993 
0.278 0.000138598 0.000138598 0.000138598 
0.279 0.000138207 0.000138207 0.000138207 
0.28 0.00013782 0.00013782 0.00013782 
0.281 0.000137438 0.000137438 0.000137438 
0.282 0.00013706 0.00013706 0.00013706 
0.283 0.000136687 0.000136687 0.000136687 
0.284 0.000136317 0.000136317 0.000136317 
0.285 0.000135952 0.000135952 0.000135952 
0.286 0.000135592 0.000135592 0.000135592 
0.287 0.000135235 0.000135235 0.000135235 
0.288 0.000134883 0.000134883 0.000134883 
0.289 0.000134534 0.000134534 0.000134534 
0.29 0.000134189 0.000134189 0.000134189 
0.291 0.000133849 0.000133849 0.000133849 
0.292 0.000133512 0.000133512 0.000133512 
0.293 0.00013318 0.00013318 0.00013318 
0.294 0.00013285 0.00013285 0.00013285 
0.295 0.000132525 0.000132525 0.000132525 
0.296 0.000132204 0.000132204 0.000132204 
0.297 0.000131886 0.000131886 0.000131886 
0.298 0.000131572 0.000131572 0.000131572 
0.299 0.000131261 0.000131261 0.000131261 
0.3 0.000130954 0.000130954 0.000130954 
0.301 0.000130651 0.000130651 0.000130651 
0.302 0.000130351 0.000130351 0.000130351 
0.303 0.000130054 0.000130054 0.000130054 
0.304 0.000129761 0.000129761 0.000129761 
0.305 0.000129471 0.000129471 0.000129471 
0.306 0.000129185 0.000129185 0.000129185 
0.307 0.000128901 0.000128901 0.000128901 
0.308 0.000128621 0.000128621 0.000128621 
0.309 0.000128345 0.000128345 0.000128345 
0.31 0.000128071 0.000128071 0.000128071 
0.311 0.000127801 0.000127801 0.000127801 
0.312 0.000127533 0.000127533 0.000127533 
0.313 0.000127269 0.000127269 0.000127269 
0.314 0.000127008 0.000127008 0.000127008 
0.315 0.00012675 0.00012675 0.00012675 
0.316 0.000126494 0.000126494 0.000126494 
0.317 0.000126242 0.000126242 0.000126242 
0.318 0.000125992 0.000125992 0.000125992 
0.319 0.000125746 0.000125746 0.000125746 
0.32 0.000125502 0.000125502 0.000125502 
0.321 0.000125261 0.000125261 0.000125261 
0.322 0.000125023 0.000125023 0.000125023 
0.323 0.000124787 0.000124787 0.000124787 
0.324 0.000124554 0.000124554 0.000124554 
0.325 0.000124324 0.000124324 0.000124324 
0.326 0.000124096 0.000124096 0.000124096 
0.327 0.000123871 0.000123871 0.000123871 
0.328 0.000123649 0.000123649 0.000123649 
0.329 0.000123429 0.000123429 0.000123429 
0.33 0.000123212 0.000123212 0.000123212 
0.331 0.000122997 0.000122997 0.000122997 
0.332 0.000122785 0.000122785 0.000122785 
0.333 0.000122575 0.000122575 0.000122575 
0.334 0.000122367 0.000122367 0.000122367 
0.335 0.000122162 0.000122162 0.000122162 
0.336 0.00012196 0.00012196 0.00012196 
0.337 0.000121759 0.000121759 0.000121759 
0.338 0.000121561 0.000121561 0.000121561 
0.339 0.000121365 0.000121365 0.000121365 
0.34 0.000121172 0.000121172 0.000121172 
0.341 0.00012098 0.00012098 0.00012098 
0.342 0.000120791 0.000120791 0.000120791 
0.343 0.000120604 0.000120604 0.000120604 
0.344 0.000120419 0.000120419 0.000120419 
0.345 0.000120236 0.000120236 0.000120236 
0.346 0.000120056 0.000120056 0.000120056 
0.347 0.000119877 0.000119877 0.000119877 
0.348 0.0001197 0.0001197 0.0001197 
0.349 0.000119526 0.000119526 0.000119526 
0.35 0.000119353 0.000119353 0.000119353 
0.351 0.000119183 0.000119183 0.000119183 
0.352 0.000119014 0.000119014 0.000119014 
0.353 0.000118847 0.000118847 0.000118847 
0.354 0.000118682 0.000118682 0.000118682 
0.355 0.00011852 0.00011852 0.00011852 
0.356 0.000118358 0.000118358 0.000118358 
0.357 0.000118199 0.000118199 0.000118199 
0.358 0.000118042 0.000118042 0.000118042 
0.359 0.000117886 0.000117886 0.000117886 
0.36 0.000117733 0.000117733 0.000117733 
0.361 0.000117581 0.000117581 0.000117581 
0.362 0.00011743 0.00011743 0.00011743 
0.363 0.000117282 0.000117282 0.000117282 
0.364 0.000117135 0.000117135 0.000117135 
0.365 0.00011699 0.00011699 0.00011699 
0.366 0.000116846 0.000116846 0.000116846 
0.367 0.000116704 0.000116704 0.000116704 
0.368 0.000116564 0.000116564 0.000116564 
0.369 0.000116425 0.000116425 0.000116425 
0.37 0.000116288 0.000116288 0.000116288 
0.371 0.000116153 0.000116153 0.000116153 
0.372 0.000116019 0.000116019 0.000116019 
0.373 0.000115887 0.000115887 0.000115887 
0.374 0.000115756 0.000115756 0.000115756 
0.375 0.000115626 0.000115626 0.000115626 
0.376 0.000115498 0.000115498 0.000115498 
0.377 0.000115372 0.000115372 0.000115372 
0.378 0.000115247 0.000115247 0.000115247 
0.379 0.000115123 0.000115123 0.000115123 
0.38 0.000115001 0.000115001 0.000115001 
0.381 0.000114881 0.000114881 0.000114881 
0.382 0.000114761 0.000114761 0.000114761 
0.383 0.000114643 0.000114643 0.000114643 
0.384 0.000114527 0.000114527 0.000114527 
0.385 0.000114411 0.000114411 0.000114411 
0.386 0.000114297 0.000114297 0.000114297 
0.387 0.000114185 0.000114185 0.000114185 
0.388 0.000114073 0.000114073 0.000114073 
0.389 0.000113963 0.000113963 0.000113963 
0.39 0.000113855 0.000113855 0.000113855 
0.391 0.000113747 0.000113747 0.000113747 
0.392 0.000113641 0.000113641 0.000113641 
0.393 0.000113535 0.000113535 0.000113535 
0.394 0.000113431 0.000113431 0.000113431 
0.395 0.000113329 0.000113329 0.000113329 
0.396 0.000113227 0.000113227 0.000113227 
0.397 0.000113127 0.000113127 0.000113127 
0.398 0.000113027 0.000113027 0.000113027 
0.399 0.000112929 0.000112929 0.000112929 
0.4 0.000112832 0.000112832 0.000112832 
0.401 0.000112736 0.000112736 0.000112736 
0.402 0.000112642 0.000112642 0.000112642 
0.403 0.000112548 0.000112548 0.000112548 
0.404 0.000112455 0.000112455 0.000112455 
0.405 0.000112364 0.000112364 0.000112364 
0.406 0.000112273 0.000112273 0.000112273 
0.407 0.000112184 0.000112184 0.000112184 
0.408 0.000112095 0.000112095 0.000112095 
0.409 0.000112008 0.000112008 0.000112008 
0.41 0.000111921 0.000111921 0.000111921 
0.411 0.000111836 0.000111836 0.000111836 
0.412 0.000111752 0.000111752 0.000111752 
0.413 0.000111668 0.000111668 0.000111668 
0.414 0.000111586 0.000111586 0.000111586 
0.415 0.000111504 0.000111504 0.000111504 
0.416 0.000111423 0.000111423 0.000111423 
0.417 0.000111343 0.000111343 0.000111343 
0.418 0.000111265 0.000111265 0.000111265 
0.419 0.000111187 0.000111187 0.000111187 
0.42 0.00011111 0.00011111 0.00011111 
0.421 0.000111034 0.000111034 0.000111034 
0.422 0.000110958 0.000110958 0.000110958 
0.423 0.000110884 0.000110884 0.000110884 
0.424 0.00011081 0.00011081 0.00011081 
0.425 0.000110738 0.000110738 0.000110738 
0.426 0.000110666 0.000110666 0.000110666 
0.427 0.000110595 0.000110595 0.000110595 
0.428 0.000110524 0.000110524 0.000110524 
0.429 0.000110455 0.000110455 0.000110455 
0.43 0.000110386 0.000110386 0.000110386 
0.431 0.000110318 0.000110318 0.000110318 
0.432 0.000110251 0.000110251 0.000110251 
0.433 0.000110185 0.000110185 0.000110185 
0.434 0.000110119 0.000110119 0.000110119 
0.435 0.000110055 0.000110055 0.000110055 
0.436 0.000109991 0.000109991 0.000109991 
0.437 0.000109927 0.000109927 0.000109927 
0.438 0.000109865 0.000109865 0.000109865 
0.439 0.000109803 0.000109803 0.000109803 
0.44 0.000109742 0.000109742 0.000109742 
0.441 0.000109681 0.000109681 0.000109681 
0.442 0.000109621 0.000109621 0.000109621 
0.443 0.000109562 0.000109562 0.000109562 
0.444 0.000109504 0.000109504 0.000109504 
0.445 0.000109446 0.000109446 0.000109446 
0.446 0.000109389 0.000109389 0.000109389 
0.447 0.000109332 0.000109332 0.000109332 
0.448 0.000109277 0.000109277 0.000109277 
0.449 0.000109222 0.000109222 0.000109222 
0.45 0.000109167 0.000109167 0.000109167 
0.451 0.000109113 0.000109113 0.000109113 
0.452 0.00010906 0.00010906 0.00010906 
0.453 0.000109007 0.000109007 0.000109007 
0.454 0.000108955 0.000108955 0.000108955 
0.455 0.000108904 0.000108904 0.000108904 
0.456 0.000108853 0.000108853 0.000108853 
0.457 0.000108802 0.000108802 0.000108802 
0.458 0.000108753 0.000108753 0.000108753 
0.459 0.000108704 0.000108704 0.000108704 
0.46 0.000108655 0.000108655 0.000108655 
0.461 0.000108607 0.000108607 0.000108607 
0.462 0.00010856 0.00010856 0.00010856 
0.463 0.000108513 0.000108513 0.000108513 
0.464 0.000108466 0.000108466 0.000108466 
0.465 0.00010842 0.00010842 0.00010842 
0.466 0.000108375 0.000108375 0.000108375 
0.467 0.00010833 0.00010833 0.00010833 
0.468 0.000108286 0.000108286 0.000108286 
0.469 0.000108242 0.000108242 0.000108242 
0.47 0.000108199 0.000108199 0.000108199 
0.471 0.000108156 0.000108156 0.000108156 
0.472 0.000108114 0.000108114 0.000108114 
0.473 0.000108072 0.000108072 0.000108072 
0.474 0.00010803 0.00010803 0.00010803 
0.475 0.00010799 0.00010799 0.00010799 
0.476 0.000107949 0.000107949 0.000107949 
0.477 0.000107909 0.000107909 0.000107909 
0.478 0.00010787 0.00010787 0.00010787 
0.479 0.000107831 0.000107831 0.000107831 
0.48 0.000107792 0.000107792 0.000107792 
0.481 0.000107754 0.000107754 0.000107754 
0.482 0.000107716 0.000107716 0.000107716 
0.483 0.000107679 0.000107679 0.000107679 
0.484 0.000107642 0.000107642 0.000107642 
0.485 0.000107606 0.000107606 0.000107606 
0.486 0.00010757 0.00010757 0.00010757 
0.487 0.000107534 0.000107534 0.000107534 
0.488 0.000107499 0.000107499 0.000107499 
0.489 0.000107464 0.000107464 0.000107464 
0.49 0.00010743 0.00010743 0.00010743 
0.491 0.000107396 0.000107396 0.000107396 
0.492 0.000107362 0.000107362 0.000107362 
0.493 0.000107329 0.000107329 0.000107329 
0.494 0.000107296 0.000107296 0.000107296 
0.495 0.000107264 0.000107264 0.000107264 
0.496 0.000107232 0.000107232 0.000107232 
0.497 0.0001072 0.0001072 0.0001072 
0.498 0.000107168 0.000107168 0.000107168 
0.499 0.000107137 0.000107137 0.000107137 
0.5 0.000107107 0.000107107 0.000107107 
0.501 0.000107077 0.000107077 0.000107077 
0.502 0.000107047 0.000107047 0.000107047 
0.503 0.000107017 0.000107017 0.000107017 
0.504 0.000106988 0.000106988 0.000106988 
0.505 0.000106959 0.000106959 0.000106959 
0.506 0.00010693 0.00010693 0.00010693 
0.507 0.000106902 0.000106902 0.000106902 
0.508 0.000106874 0.000106874 0.000106874 
0.509 0.000106846 0.000106846 0.000106846 
0.51 0.000106819 0.000106819 0.000106819 
0.511 0.000106792 0.000106792 0.000106792 
0.512 0.000106765 0.000106765 0.000106765 
0.513 0.000106739 0.000106739 0.000106739 
0.514 0.000106713 0.000106713 0.000106713 
0.515 0.000106687 0.000106687 0.000106687 
0.516 0.000106662 0.000106662 0.000106662 
0.517 0.000106636 0.000106636 0.000106636 
0.518 0.000106611 0.000106611 0.000106611 
0.519 0.000106587 0.000106587 0.000106587 
0.52 0.000106563 0.000106563 0.000106563 
0.521 0.000106538 0.000106538 0.000106538 
0.522 0.000106515 0.000106515 0.000106515 
0.523 0.000106491 0.000106491 0.000106491 
0.524 0.000106468 0.000106468 0.000106468 
0.525 0.000106445 0.000106445 0.000106445 
0.526 0.000106422 0.000106422 0.000106422 
0.527 0.0001064 0.0001064 0.0001064 
0.528 0.000106377 0.000106377 0.000106377 
0.529 0.000106356 0.000106356 0.000106356 
0.53 0.000106334 0.000106334 0.000106334 
0.531 0.000106312 0.000106312 0.000106312 
0.532 0.000106291 0.000106291 0.000106291 
0.533 0.00010627 0.00010627 0.00010627 
0.534 0.00010625 0.00010625 0.00010625 
0.535 0.000106229 0.000106229 0.000106229 
0.536 0.000106209 0.000106209 0.000106209 
0.537 0.000106189 0.000106189 0.000106189 
0.538 0.000106169 0.000106169 0.000106169 
0.539 0.00010615 0.00010615 0.00010615 
0.54 0.00010613 0.00010613 0.00010613 
0.541 0.000106111 0.000106111 0.000106111 
0.542 0.000106092 0.000106092 0.000106092 
0.543 0.000106073 0.000106073 0.000106073 
0.544 0.000106055 0.000106055 0.000106055 
0.545 0.000106037 0.000106037 0.000106037 
0.546 0.000106019 0.000106019 0.000106019 
0.547 0.000106001 0.000106001 0.000106001 
0.548 0.000105983 0.000105983 0.000105983 
0.549 0.000105966 0.000105966 0.000105966 
0.55 0.000105949 0.000105949 0.000105949 
0.551 0.000105932 0.000105932 0.000105932 
0.552 0.000105915 0.000105915 0.000105915 
0.553 0.000105898 0.000105898 0.000105898 
0.554 0.000105882 0.000105882 0.000105882 
0.555 0.000105865 0.000105865 0.000105865 
0.556 0.000105849 0.000105849 0.000105849 
0.557 0.000105834 0.000105834 0.000105834 
0.558 0.000105818 0.000105818 0.000105818 
0.559 0.000105802 0.000105802 0.000105802 
0.56 0.000105787 0.000105787 0.000105787 
0.561 0.000105772 0.000105772 0.000105772 
0.562 0.000105757 0.000105757 0.000105757 
0.563 0.000105742 0.000105742 0.000105742 
0.564 0.000105727 0.000105727 0.000105727 
0.565 0.000105713 0.000105713 0.000105713 
0.566 0.000105699 0.000105699 0.000105699 
0.567 0.000105684 0.000105684 0.000105684 
0.568 0.00010567 0.00010567 0.00010567 
0.569 0.000105657 0.000105657 0.000105657 
0.57 0.000105643 0.000105643 0.000105643 
0.571 0.000105629 0.000105629 0.000105629 
0.572 0.000105616 0.000105616 0.000105616 
0.573 0.000105603 0.000105603 0.000105603 
0.574 0.00010559 0.00010559 0.00010559 
0.575 0.000105577 0.000105577 0.000105577 
0.576 0.000105564 0.000105564 0.000105564 
0.577 0.000105551 0.000105551 0.000105551 
0.578 0.000105539 0.000105539 0.000105539 
0.579 0.000105527 0.000105527 0.000105527 
0.58 0.000105514 0.000105514 0.000105514 
0.581 0.000105502 0.000105502 0.000105502 
0.582 0.00010549 0.00010549 0.00010549 
0.583 0.000105479 0.000105479 0.000105479 
0.584 0.000105467 0.000105467 0.000105467 
0.585 0.000105455 0.000105455 0.000105455 
0.586 0.000105444 0.000105444 0.000105444 
0.587 0.000105433 0.000105433 0.000105433 
0.588 0.000105422 0.000105422 0.000105422 
0.589 0.000105411 0.000105411 0.000105411 
0.59 0.0001054 0.0001054 0.0001054 
0.591 0.000105389 0.000105389 0.000105389 
0.592 0.000105379 0.000105379 0.000105379 
0.593 0.000105368 0.000105368 0.000105368 
0.594 0.000105358 0.000105358 0.000105358 
0.595 0.000105347 0.000105347 0.000105347 
0.596 0.000105337 0.000105337 0.000105337 
0.597 0.000105327 0.000105327 0.000105327 
0.598 0.000105317 0.000105317 0.000105317 
0.599 0.000105307 0.000105307 0.000105307 
0.6 0.000105298 0.000105298 0.000105298 
0.601 0.000105288 0.000105288 0.000105288 
0.602 0.000105279 0.000105279 0.000105279 
0.603 0.000105269 0.000105269 0.000105269 
0.604 0.00010526 0.00010526 0.00010526 
0.605 0.000105251 0.000105251 0.000105251 
0.606 0.000105242 0.000105242 0.000105242 
0.607 0.000105233 0.000105233 0.000105233 
0.608 0.000105224 0.000105224 0.000105224 
0.609 0.000105215 0.000105215 0.000105215 
0.61 0.000105207 0.000105207 0.000105207 
0.611 0.000105198 0.000105198 0.000105198 
0.612 0.00010519 0.00010519 0.00010519 
0.613 0.000105182 0.000105182 0.000105182 
0.614 0.000105173 0.000105173 0.000105173 
0.615 0.000105165 0.000105165 0.000105165 
0.616 0.000105157 0.000105157 0.000105157 
0.617 0.000105149 0.000105149 0.000105149 
0.618 0.000105141 0.000105141 0.000105141 
0.619 0.000105133 0.000105133 0.000105133 
0.62 0.000105126 0.000105126 0.000105126 
0.621 0.000105118 0.000105118 0.000105118 
0.622 0.000105111 0.000105111 0.000105111 
0.623 0.000105103 0.000105103 0.000105103 
0.624 0.000105096 0.000105096 0.000105096 
0.625 0.000105089 0.000105089 0.000105089 
0.626 0.000105082 0.000105082 0.000105082 
0.627 0.000105074 0.000105074 0.000105074 
0.628 0.000105067 0.000105067 0.000105067 
0.629 0.00010506 0.00010506 0.00010506 
0.63 0.000105054 0.000105054 0.000105054 
0.631 0.000105047 0.000105047 0.000105047 
0.632 0.00010504 0.00010504 0.00010504 
0.633 0.000105033 0.000105033 0.000105033 
0.634 0.000105027 0.000105027 0.000105027 
0.635 0.000105021 0.000105021 0.000105021 
0.636 0.000105014 0.000105014 0.000105014 
0.637 0.000105008 0.000105008 0.000105008 
0.638 0.000105001 0.000105001 0.000105001 
0.639 0.000104995 0.000104995 0.000104995 
0.64 0.000104989 0.000104989 0.000104989 
0.641 0.000104983 0.000104983 0.000104983 
0.642 0.000104977 0.000104977 0.000104977 
0.643 0.000104971 0.000104971 0.000104971 
0.644 0.000104965 0.000104965 0.000104965 
0.645 0.00010496 0.00010496 0.00010496 
0.646 0.000104954 0.000104954 0.000104954 
0.647 0.000104948 0.000104948 0.000104948 
0.648 0.000104943 0.000104943 0.000104943 
0.649 0.000104937 0.000104937 0.000104937 
0.65 0.000104932 0.000104932 0.000104932 
0.651 0.000104927 0.000104927 0.000104927 
0.652 0.000104921 0.000104921 0.000104921 
0.653 0.000104916 0.000104916 0.000104916 
0.654 0.000104911 0.000104911 0.000104911 
0.655 0.000104906 0.000104906 0.000104906 
0.656 0.000104901 0.000104901 0.000104901 
0.657 0.000104895 0.000104895 0.000104895 
0.658 0.000104891 0.000104891 0.000104891 
0.659 0.000104886 0.000104886 0.000104886 
0.66 0.000104881 0.000104881 0.000104881 
0.661 0.000104876 0.000104876 0.000104876 
0.662 0.000104871 0.000104871 0.000104871 
0.663 0.000104867 0.000104867 0.000104867 
0.664 0.000104862 0.000104862 0.000104862 
0.665 0.000104857 0.000104857 0.000104857 
0.666 0.000104853 0.000104853 0.000104853 
0.667 0.000104848 0.000104848 0.000104848 
0.668 0.000104844 0.000104844 0.000104844 
0.669 0.00010484 0.00010484 0.00010484 
0.67 0.000104835 0.000104835 0.000104835 
0.671 0.000104831 0.000104831 0.000104831 
0.672 0.000104827 0.000104827 0.000104827 
0.673 0.000104823 0.000104823 0.000104823 
0.674 0.000104818 0.000104818 0.000104818 
0.675 0.000104814 0.000104814 0.000104814 
0.676 0.00010481 0.00010481 0.00010481 
0.677 0.000104806 0.000104806 0.000104806 
0.678 0.000104802 0.000104802 0.000104802 
0.679 0.000104798 0.000104798 0.000104798 
0.68 0.000104795 0.000104795 0.000104795 
0.681 0.000104791 0.000104791 0.000104791 
0.682 0.000104787 0.000104787 0.000104787 
0.683 0.000104783 0.000104783 0.000104783 
0.684 0.00010478 0.00010478 0.00010478 
0.685 0.000104776 0.000104776 0.000104776 
0.686 0.000104772 0.000104772 0.000104772 
0.687 0.000104769 0.000104769 0.000104769 
0.688 0.000104765 0.000104765 0.000104765 
0.689 0.000104762 0.000104762 0.000104762 
0.69 0.000104758 0.000104758 0.000104758 
0.691 0.000104755 0.000104755 0.000104755 
0.692 0.000104752 0.000104752 0.000104752 
0.693 0.000104748 0.000104748 0.000104748 
0.694 0.000104745 0.000104745 0.000104745 
0.695 0.000104742 0.000104742 0.000104742 
0.696 0.000104739 0.000104739 0.000104739 
0.697 0.000104736 0.000104736 0.000104736 
0.698 0.000104732 0.000104732 0.000104732 
0.699 0.000104729 0.000104729 0.000104729 
0.7 0.000104726 0.000104726 0.000104726 
0.701 0.000104723 0.000104723 0.000104723 
0.702 0.00010472 0.00010472 0.00010472 
0.703 0.000104717 0.000104717 0.000104717 
0.704 0.000104714 0.000104714 0.000104714 
0.705 0.000104711 0.000104711 0.000104711 
0.706 0.000104709 0.000104709 0.000104709 
0.707 0.000104706 0.000104706 0.000104706 
0.708 0.000104703 0.000104703 0.000104703 
0.709 0.0001047 0.0001047 0.0001047 
0.71 0.000104697 0.000104697 0.000104697 
0.711 0.000104695 0.000104695 0.000104695 
0.712 0.000104692 0.000104692 0.000104692 
0.713 0.000104689 0.000104689 0.000104689 
0.714 0.000104687 0.000104687 0.000104687 
0.715 0.000104684 0.000104684 0.000104684 
0.716 0.000104682 0.000104682 0.000104682 
0.717 0.000104679 0.000104679 0.000104679 
0.718 0.000104677 0.000104677 0.000104677 
0.719 0.000104674 0.000104674 0.000104674 
0.72 0.000104672 0.000104672 0.000104672 
0.721 0.00010467 0.00010467 0.00010467 
0.722 0.000104667 0.000104667 0.000104667 
0.723 0.000104665 0.000104665 0.000104665 
0.724 0.000104662 0.000104662 0.000104662 
0.725 0.00010466 0.00010466 0.00010466 
0.726 0.000104658 0.000104658 0.000104658 
0.727 0.000104656 0.000104656 0.000104656 
0.728 0.000104653 0.000104653 0.000104653 
0.729 0.000104651 0.000104651 0.000104651 
0.73 0.000104649 0.000104649 0.000104649 
0.731 0.000104647 0.000104647 0.000104647 
0.732 0.000104645 0.000104645 0.000104645 
0.733 0.000104643 0.000104643 0.000104643 
0.734 0.000104641 0.000104641 0.000104641 
0.735 0.000104639 0.000104639 0.000104639 
0.736 0.000104637 0.000104637 0.000104637 
0.737 0.000104635 0.000104635 0.000104635 
0.738 0.000104633 0.000104633 0.000104633 
0.739 0.000104631 0.000104631 0.000104631 
0.74 0.000104629 0.000104629 0.000104629 
0.741 0.000104627 0.000104627 0.000104627 
0.742 0.000104625 0.000104625 0.000104625 
0.743 0.000104623 0.000104623 0.000104623 
0.744 0.000104621 0.000104621 0.000104621 
0.745 0.000104619 0.000104619 0.000104619 
0.746 0.000104618 0.000104618 0.000104618 
0.747 0.000104616 0.000104616 0.000104616 
0.748 0.000104614 0.000104614 0.000104614 
0.749 0.000104612 0.000104612 0.000104612 
0.75 0.000104611 0.000104611 0.000104611 
0.751 0.000104609 0.000104609 0.000104609 
0.752 0.000104607 0.000104607 0.000104607 
0.753 0.000104606 0.000104606 0.000104606 
0.754 0.000104604 0.000104604 0.000104604 
0.755 0.000104602 0.000104602 0.000104602 
0.756 0.000104601 0.000104601 0.000104601 
0.757 0.000104599 0.000104599 0.000104599 
0.758 0.000104598 0.000104598 0.000104598 
0.759 0.000104596 0.000104596 0.000104596 
0.76 0.000104595 0.000104595 0.000104595 
0.761 0.000104593 0.000104593 0.000104593 
0.762 0.000104591 0.000104591 0.000104591 
0.763 0.00010459 0.00010459 0.00010459 
0.764 0.000104589 0.000104589 0.000104589 
0.765 0.000104587 0.000104587 0.000104587 
0.766 0.000104586 0.000104586 0.000104586 
0.767 0.000104584 0.000104584 0.000104584 
0.768 0.000104583 0.000104583 0.000104583 
0.769 0.000104581 0.000104581 0.000104581 
0.77 0.00010458 0.00010458 0.00010458 
0.771 0.000104579 0.000104579 0.000104579 
0.772 0.000104577 0.000104577 0.000104577 
0.773 0.000104576 0.000104576 0.000104576 
0.774 0.000104575 0.000104575 0.000104575 
0.775 0.000104573 0.000104573 0.000104573 
0.776 0.000104572 0.000104572 0.000104572 
0.777 0.000104571 0.000104571 0.000104571 
0.778 0.00010457 0.00010457 0.00010457 
0.779 0.000104568 0.000104568 0.000104568 
0.78 0.000104567 0.000104567 0.000104567 
0.781 0.000104566 0.000104566 0.000104566 
0.782 0.000104565 0.000104565 0.000104565 
0.783 0.000104564 0.000104564 0.000104564 
0.784 0.000104562 0.000104562 0.000104562 
0.785 0.000104561 0.000104561 0.000104561 
0.786 0.00010456 0.00010456 0.00010456 
0.787 0.000104559 0.000104559 0.000104559 
0.788 0.000104558 0.000104558 0.000104558 
0.789 0.000104557 0.000104557 0.000104557 
0.79 0.000104556 0.000104556 0.000104556 
0.791 0.000104555 0.000104555 0.000104555 
0.792 0.000104554 0.000104554 0.000104554 
0.793 0.000104553 0.000104553 0.000104553 
0.794 0.000104552 0.000104552 0.000104552 
0.795 0.000104551 0.000104551 0.000104551 
0.796 0.00010455 0.00010455 0.00010455 
0.797 0.000104549 0.000104549 0.000104549 
0.798 0.000104548 0.000104548 0.000104548 
0.799 0.000104547 0.000104547 0.000104547 
0.8 0.000104546 0.000104546 0.000104546 
0.801 0.000104545 0.000104545 0.000104545 
0.802 0.000104544 0.000104544 0.000104544 
0.803 0.000104543 0.000104543 0.000104543 
0.804 0.000104542 0.000104542 0.000104542 
0.805 0.000104541 0.000104541 0.000104541 
0.806 0.00010454 0.00010454 0.00010454 
0.807 0.000104539 0.000104539 0.000104539 
0.808 0.000104538 0.000104538 0.000104538 
0.809 0.000104537 0.000104537 0.000104537 
0.81 0.000104537 0.000104537 0.000104537 
0.811 0.000104536 0.000104536 0.000104536 
0.812 0.000104535 0.000104535 0.000104535 
0.813 0.000104534 0.000104534 0.000104534 
0.814 0.000104533 0.000104533 0.000104533 
0.815 0.000104532 0.000104532 0.000104532 
0.816 0.000104532 0.000104532 0.000104532 
0.817 0.000104531 0.000104531 0.000104531 
0.818 0.00010453 0.00010453 0.00010453 
0.819 0.000104529 0.000104529 0.000104529 
0.82 0.000104528 0.000104528 0.000104528 
0.821 0.000104528 0.000104528 0.000104528 
0.822 0.000104527 0.000104527 0.000104527 
0.823 0.000104526 0.000104526 0.000104526 
0.824 0.000104526 0.000104526 0.000104526 
0.825 0.000104525 0.000104525 0.000104525 
0.826 0.000104524 0.000104524 0.000104524 
0.827 0.000104523 0.000104523 0.000104523 
0.828 0.000104523 0.000104523 0.000104523 
0.829 0.000104522 0.000104522 0.000104522 
0.83 0.000104521 0.000104521 0.000104521 
0.831 0.000104521 0.000104521 0.000104521 
0.832 0.00010452 0.00010452 0.00010452 
0.833 0.000104519 0.000104519 0.000104519 
0.834 0.000104519 0.000104519 0.000104519 
0.835 0.000104518 0.000104518 0.000104518 
0.836 0.000104517 0.000104517 0.000104517 
0.837 0.000104517 0.000104517 0.000104517 
0.838 0.000104516 0.000104516 0.000104516 
0.839 0.000104515 0.000104515 0.000104515 
0.84 0.000104515 0.000104515 0.000104515 
0.841 0.000104514 0.000104514 0.000104514 
0.842 0.000104514 0.000104514 0.000104514 
0.843 0.000104513 0.000104513 0.000104513 
0.844 0.000104512 0.000104512 0.000104512 
0.845 0.000104512 0.000104512 0.000104512 
0.846 0.000104511 0.000104511 0.000104511 
0.847 0.000104511 0.000104511 0.000104511 
0.848 0.00010451 0.00010451 0.00010451 
0.849 0.00010451 0.00010451 0.00010451 
0.85 0.000104509 0.000104509 0.000104509 
0.851 0.000104509 0.000104509 0.000104509 
0.852 0.000104508 0.000104508 0.000104508 
0.853 0.000104508 0.000104508 0.000104508 
0.854 0.000104507 0.000104507 0.000104507 
0.855 0.000104507 0.000104507 0.000104507 
0.856 0.000104506 0.000104506 0.000104506 
0.857 0.000104506 0.000104506 0.000104506 
0.858 0.000104505 0.000104505 0.000104505 
0.859 0.000104504 0.000104504 0.000104504 
0.86 0.000104504 0.000104504 0.000104504 
0.861 0.000104504 0.000104504 0.000104504 
0.862 0.000104503 0.000104503 0.000104503 
0.863 0.000104503 0.000104503 0.000104503 
0.864 0.000104502 0.000104502 0.000104502 
0.865 0.000104502 0.000104502 0.000104502 
0.866 0.000104501 0.000104501 0.000104501 
0.867 0.000104501 0.000104501 0.000104501 
0.868 0.0001045 0.0001045 0.0001045 
0.869 0.0001045 0.0001045 0.0001045 
0.87 0.000104499 0.000104499 0.000104499 
0.871 0.000104499 0.000104499 0.000104499 
0.872 0.000104499 0.000104499 0.000104499 
0.873 0.000104498 0.000104498 0.000104498 
0.874 0.000104498 0.000104498 0.000104498 
0.875 0.000104497 0.000104497 0.000104497 
0.876 0.000104497 0.000104497 0.000104497 
0.877 0.000104497 0.000104497 0.000104497 
0.878 0.000104496 0.000104496 0.000104496 
0.879 0.000104496 0.000104496 0.000104496 
0.88 0.000104495 0.000104495 0.000104495 
0.881 0.000104495 0.000104495 0.000104495 
0.882 0.000104495 0.000104495 0.000104495 
0.883 0.000104494 0.000104494 0.000104494 
0.884 0.000104494 0.000104494 0.000104494 
0.885 0.000104494 0.000104494 0.000104494 
0.886 0.000104493 0.000104493 0.000104493 
0.887 0.000104493 0.000104493 0.000104493 
0.888 0.000104493 0.000104493 0.000104493 
0.889 0.000104492 0.000104492 0.000104492 
0.89 0.000104492 0.000104492 0.000104492 
0.891 0.000104492 0.000104492 0.000104492 
0.892 0.000104491 0.000104491 0.000104491 
0.893 0.000104491 0.000104491 0.000104491 
0.894 0.000104491 0.000104491 0.000104491 
0.895 0.00010449 0.00010449 0.00010449 
0.896 0.00010449 0.00010449 0.00010449 
0.897 0.00010449 0.00010449 0.00010449 
0.898 0.000104489 0.000104489 0.000104489 
0.899 0.000104489 0.000104489 0.000104489 
0.9 0.000104489 0.000104489 0.000104489 
0.901 0.000104488 0.000104488 0.000104488 
0.902 0.000104488 0.000104488 0.000104488 
0.903 0.000104488 0.000104488 0.000104488 
0.904 0.000104487 0.000104487 0.000104487 
0.905 0.000104487 0.000104487 0.000104487 
0.906 0.000104487 0.000104487 0.000104487 
0.907 0.000104487 0.000104487 0.000104487 
0.908 0.000104486 0.000104486 0.000104486 
0.909 0.000104486 0.000104486 0.000104486 
0.91 0.000104486 0.000104486 0.000104486 
0.911 0.000104485 0.000104485 0.000104485 
0.912 0.000104485 0.000104485 0.000104485 
0.913 0.000104485 0.000104485 0.000104485 
0.914 0.000104485 0.000104485 0.000104485 
0.915 0.000104484 0.000104484 0.000104484 
0.916 0.000104484 0.000104484 0.000104484 
0.917 0.000104484 0.000104484 0.000104484 
0.918 0.000104484 0.000104484 0.000104484 
0.919 0.000104483 0.000104483 0.000104483 
0.92 0.000104483 0.000104483 0.000104483 
0.921 0.000104483 0.000104483 0.000104483 
0.922 0.000104483 0.000104483 0.000104483 
0.923 0.000104482 0.000104482 0.000104482 
0.924 0.000104482 0.000104482 0.000104482 
0.925 0.000104482 0.000104482 0.000104482 
0.926 0.000104482 0.000104482 0.000104482 
0.927 0.000104482 0.000104482 0.000104482 
0.928 0.000104481 0.000104481 0.000104481 
0.929 0.000104481 0.000104481 0.000104481 
0.93 0.000104481 0.000104481 0.000104481 
0.931 0.000104481 0.000104481 0.000104481 
0.932 0.00010448 0.00010448 0.00010448 
0.933 0.00010448 0.00010448 0.00010448 
0.934 0.00010448 0.00010448 0.00010448 
0.935 0.00010448 0.00010448 0.00010448 
0.936 0.00010448 0.00010448 0.00010448 
0.937 0.000104479 0.000104479 0.000104479 
0.938 0.000104479 0.000104479 0.000104479 
0.939 0.000104479 0.000104479 0.000104479 
0.94 0.000104479 0.000104479 0.000104479 
0.941 0.000104479 0.000104479 0.000104479 
0.942 0.000104478 0.000104478 0.000104478 
0.943 0.000104478 0.000104478 0.000104478 
0.944 0.000104478 0.000104478 0.000104478 
0.945 0.000104478 0.000104478 0.000104478 
0.946 0.000104478 0.000104478 0.000104478 
0.947 0.000104478 0.000104478 0.000104478 
0.948 0.000104477 0.000104477 0.000104477 
0.949 0.000104477 0.000104477 0.000104477 
0.95 0.000104477 0.000104477 0.000104477 
0.951 0.000104477 0.000104477 0.000104477 
0.952 0.000104477 0.000104477 0.000104477 
0.953 0.000104476 0.000104476 0.000104476 
0.954 0.000104476 0.000104476 0.000104476 
0.955 0.000104476 0.000104476 0.000104476 
0.956 0.000104476 0.000104476 0.000104476 
0.957 0.000104476 0.000104476 0.000104476 
0.958 0.000104476 0.000104476 0.000104476 
0.959 0.000104476 0.000104476 0.000104476 
0.96 0.000104475 0.000104475 0.000104475 
0.961 0.000104475 0.000104475 0.000104475 
0.962 0.000104475 0.000104475 0.000104475 
0.963 0.000104475 0.000104475 0.000104475 
0.964 0.000104475 0.000104475 0.000104475 
0.965 0.000104475 0.000104475 0.000104475 
0.966 0.000104475 0.000104475 0.000104475 
0.967 0.000104474 0.000104474 0.000104474 
0.968 0.000104474 0.000104474 0.000104474 
0.969 0.000104474 0.000104474 0.000104474 
0.97 0.000104474 0.000104474 0.000104474 
0.971 0.000104474 0.000104474 0.000104474 
0.972 0.000104474 0.000104474 0.000104474 
0.973 0.000104474 0.000104474 0.000104474 
0.974 0.000104473 0.000104473 0.000104473 
0.975 0.000104473 0.000104473 0.000104473 
0.976 0.000104473 0.000104473 0.000104473 
0.977 0.000104473 0.000104473 0.000104473 
0.978 0.000104473 0.000104473 0.000104473 
0.979 0.000104473 0.000104473 0.000104473 
0.98 0.000104473 0.000104473 0.000104473 
0.981 0.000104473 0.000104473 0.000104473 
0.982 0.000104472 0.000104472 0.000104472 
0.983 0.000104472 0.000104472 0.000104472 
0.984 0.000104472 0.000104472 0.000104472 
0.985 0.000104472 0.000104472 0.000104472 
0.986 0.000104472 0.000104472 0.000104472 
0.987 0.000104472 0.000104472 0.000104472 
0.988 0.000104472 0.000104472 0.000104472 
0.989 0.000104472 0.000104472 0.000104472 
0.99 0.000104472 0.000104472 0.000104472 
0.991 0.000104471 0.000104471 0.000104471 
0.992 0.000104471 0.000104471 0.000104471 
0.993 0.000104471 0.000104471 0.000104471 
0.994 0.000104471 0.000104471 0.000104471 
0.995 0.000104471 0.000104471 0.000104471 
0.996 0.000104471 0.000104471 0.000104471 
0.997 0.000104471 0.000104471 0.000104471 
0.998 0.000104471 0.000104471 0.000104471 
0.999 0.000104471 0.000104471 0.000104471 
1 0.00010447 0.00010447 0.00010447 
